6.616383636306509608e+00 1.027465777628712829e+01 -8.389326356365193860e+00
-3.984665494195354540e+00 2.322893928956064613e+00 6.886784431995002898e+00
3.836494943272883873e+00 -2.708002185512111026e+00 -2.558650018664331949e+00
2.061352157330024681e+01 1.046292769216081808e+01 -1.941183748482635352e+01
2.369767800257951862e+00 3.823055447407366358e+01 -8.679792452351897225e+00
-2.986786439449772601e+01 1.346527990301184197e+00 2.470572144571502093e+01
2.698000593595206276e+00 2.356332815941920344e+00 -2.168359913555016671e+00
2.406633508993158976e+00 1.656765702271947527e+00 -1.648436727278451031e+00
6.184439023051377937e+00 -4.076335493489841610e+01 1.451796394409173407e+00
2.438157410604366504e+01 -8.203756080023778097e+00 -8.426359842844908243e+00
1.750472348560287328e+00 -1.282414909221752053e+00 -2.329467230678668788e+00
1.834581251114166633e+01 5.687931315424139100e+00 -1.603350833399030151e+01
1.156474126234880906e+01 -1.179482892362736202e+01 -3.982936666289417449e+00
-2.071361931969385850e+01 -1.016817860315248545e+01 1.153520795461804838e+01
-1.023357997190994073e+00 1.530018116008231566e+00 3.999198726756398425e+00
-3.459603436399165588e+01 8.946265437871311343e-01 3.811239958183144427e+00
-7.762962048089943501e+00 3.714453854502224317e+01 -2.875267223765824909e+01
1.904160304247726643e+00 -3.558434249360484358e+01 2.675942397116447324e+01
2.171717340205168600e+00 8.793071420586417997e-01 -1.428097883991776174e+00
2.832409436914265388e+00 2.339893557544593605e+00 -2.235401153580534039e+00
