   4.4118159e-01   8.4189028e-01
   2.6399385e-01   7.5914649e-01
   2.3352415e-01   3.9622348e-02
   9.3687154e-01   2.5578133e-01
   5.4982004e-01   8.5670059e-01
   5.0488960e-01   2.9108397e-01
   9.1395480e-01   2.1306074e-01
   1.0000000e+00   4.6531195e-01
   5.9545812e-01   3.3013917e-01
   4.1398951e-01   2.8088149e-01
   2.5291171e-01   3.6509067e-02
   7.9997654e-01   7.9067361e-01
   6.5914541e-01   5.1601043e-01
   6.4758207e-01   3.8061229e-01
   3.4230411e-01   3.0620623e-01
   5.1175474e-01   8.2099411e-03
   7.0919723e-01   8.2554529e-01
   9.2910544e-01   6.5759240e-01
   7.8922508e-01   7.9429468e-01
   6.1131244e-01   3.4371573e-01
   4.9620125e-01   2.2764048e-03
   2.0893309e-01   6.8371057e-01
   1.8574339e-01   6.2888672e-01
   9.7813637e-01   5.8073423e-01
   7.4460141e-01   8.1605625e-01
   4.0516042e-01   8.3544529e-01
   9.9699405e-01   4.1167763e-01
   3.7975949e-01   1.0975324e-02
   9.8874957e-01   5.0513199e-01
   2.0436059e-01   6.7137863e-01
   1.8431901e-01   4.4021438e-01
   6.3137125e-01   8.5131585e-01
   6.6447353e-01   4.9063526e-01
   5.6109543e-01   1.2922869e-02
   9.8512116e-01   5.3278429e-01
   1.8748638e-01   4.4256068e-01
   8.5537701e-01   7.4462682e-01
   6.5473671e-01   3.8298893e-01
   6.0397838e-01   1.8411989e-02
   6.4269908e-01   8.4510227e-01
   9.1349325e-01   6.8912603e-01
   9.4504622e-01   6.4839513e-01
   9.7888413e-01   3.4551452e-01
   4.1616559e-01   8.3740209e-01
   5.8422206e-01   3.1878268e-01
   6.8611870e-01   8.3393824e-01
   6.5874551e-01   4.0438057e-01
   9.0987367e-01   2.1358718e-01
   6.6735724e-01   4.3999571e-01
   3.2905794e-01   1.6550045e-02
   9.0069501e-01   2.0165003e-01
   3.8120417e-01   8.1878077e-03
   8.3889405e-01   7.6004851e-01
   1.6943053e-01   5.5019684e-01
   1.7855736e-01   6.0491999e-01
   8.6329320e-01   1.6213868e-01
   2.1296183e-01   4.2813696e-02
   3.7194344e-01   8.1922817e-01
   8.7920267e-01   1.7952982e-01
   4.5859787e-01   2.8791952e-01
   9.8219537e-01   5.7384997e-01
   6.0514227e-01   8.5003821e-01
   9.2439773e-01   2.2757422e-01
   1.7260864e-01   6.0998989e-01
   5.1454734e-01   2.9235904e-01
   6.6570515e-01   8.4119623e-01
   9.9561675e-01   4.5513360e-01
   3.7683510e-01   2.9432271e-01
   6.7764691e-01   8.4518183e-01
   9.9408204e-01   4.1923022e-01
   7.0364628e-01   5.9205331e-02
   2.4895737e-01   7.3205743e-01
   5.0853107e-01   8.5835072e-01
   5.4147260e-01   6.6294943e-03
   9.6564000e-01   2.9576829e-01
   1.6890142e-01   5.4843167e-01
   8.6410548e-01   1.6428133e-01
   2.1197581e-01   6.9242266e-01
   1.8670541e-01   6.5261862e-01
   5.8998291e-01   5.7314004e-01
   4.2174629e-01   8.3690857e-01
   6.2071738e-01   8.5070376e-01
   2.4078738e-01   7.2470064e-01
   2.1113038e-01   6.8993185e-01
   1.6495570e-01   5.5332269e-01
   3.7702543e-01   1.0756470e-02
   6.1177224e-01   2.8446421e-02
   4.9077324e-01   8.5408180e-01
   7.4705674e-01   8.0991020e-01
   9.4092972e-01   6.5089754e-01
   7.7752697e-01   7.9813069e-01
   1.8169314e-01   6.3797254e-01
   2.2911332e-01   3.9196220e-02
   2.2851530e-01   3.8836746e-01
   6.0504101e-01   2.3495037e-02
   6.7632351e-01   4.6360202e-01
   3.0439451e-01   7.8179408e-01
   8.8477995e-01   1.8281613e-01
   9.9823207e-01   4.4102081e-01
   2.5980401e-01   3.4832651e-01
   3.3942856e-01   1.6775484e-02
   9.0478145e-01   7.0281981e-01
   1.7171831e-01   5.7724968e-01
   9.6087383e-01   6.1581255e-01
   4.4419324e-01   4.2709916e-04
   5.0295170e-01   6.9932652e-03
   7.5535459e-01   8.1319974e-01
   6.4090987e-01   8.4584534e-01
   2.5311564e-01   7.4385558e-01
   6.4449829e-01   3.7670766e-01
   8.7839621e-01   1.7379440e-01
   3.7377057e-01   2.9419328e-01
   3.6372676e-01   8.2191212e-01
   4.9159395e-01   8.5347986e-01
   5.3997039e-01   5.7623846e-03
   6.6044155e-01   5.1559945e-01
   6.5420153e-01   3.5080842e-02
   2.0598956e-01   6.8029278e-01
   1.7322367e-01   5.7350922e-01
   7.7384507e-01   8.0459585e-01
   9.2694231e-01   2.3256545e-01
   1.9321826e-01   4.3604360e-01
   1.7324577e-01   4.7943915e-01
   2.6808306e-01   3.1442645e-02
   9.7563727e-01   5.8050056e-01
   2.3676851e-01   7.2185761e-01
   2.8696151e-01   2.1374076e-02
   4.9961353e-01   2.5499231e-03
   2.0948537e-01   4.0144559e-01
   5.4103282e-01   5.8254184e-01
   9.4853929e-01   2.6997384e-01
   5.9390720e-01   2.0314366e-02
   4.2447388e-01   2.8470642e-01
   6.7326562e-01   4.4206891e-01
   9.8239777e-01   5.6294488e-01
   9.8275816e-01   5.5025918e-01
   8.4374270e-01   7.5520771e-01
   5.9965754e-01   5.6874976e-01
   9.7245708e-01   3.2786344e-01
   3.4941242e-01   6.4298691e-03
   5.7557392e-01   1.6166495e-02
   4.4838383e-01   2.8692107e-01
   3.5768047e-01   8.1585706e-01
   1.7139035e-01   5.5210824e-01
   9.2814903e-01   6.5775567e-01
   9.8347219e-01   5.2415581e-01
   2.3437460e-01   7.1665082e-01
   7.8165057e-01   9.8887054e-02
   7.8455282e-01   9.8291822e-02
   8.2032489e-01   1.2099291e-01
   3.5461832e-01   8.0994851e-01
   6.4429992e-01   3.8443447e-01
   9.5344615e-01   2.8078719e-01
   2.2000158e-01   4.5763347e-02
   2.7648289e-01   3.4235241e-01
   4.4670555e-01   2.8783552e-01
   4.5158997e-01   3.7881125e-04
   7.5437838e-01   8.1162577e-01
   6.3413502e-01   3.0844721e-02
   7.5436982e-01   7.4868643e-02
   2.1564700e-01   3.9794353e-01
   1.6665406e-01   5.6824066e-01
   6.4741555e-01   3.8428477e-01
   9.8175984e-01   5.3440124e-01
   8.2915489e-01   1.2917408e-01
   8.3810831e-01   7.6557664e-01
   6.7227023e-01   4.8452043e-01
   2.2730157e-01   4.2989961e-02
   8.0830127e-01   7.8056955e-01
   2.9763668e-01   7.8255165e-01
   2.4891371e-01   3.6423686e-01
   9.9757227e-01   4.9295596e-01
   9.5848338e-01   6.2335456e-01
   8.7923726e-01   1.8075722e-01
   3.0325767e-01   3.2523463e-01
   3.6449420e-01   8.1838860e-01
   3.3178616e-01   3.0600819e-01
   6.4264858e-01   3.1648588e-02
   3.1198270e-01   7.9447653e-01
   1.8519337e-01   6.4593223e-01
   5.8565525e-01   5.7930701e-01
   7.6838555e-01   8.6129661e-02
   7.9919021e-01   7.8588264e-01
   8.9634047e-01   7.1389364e-01
   5.8296488e-01   1.5604358e-02
   9.3348246e-01   2.4521608e-01
   9.8709837e-01   3.8040584e-01
   2.3679256e-01   3.7014008e-01
   9.1377372e-01   6.8454764e-01
   3.1364881e-01   1.8455943e-02
   9.7834345e-01   5.7355026e-01
   7.5449087e-01   7.9257969e-02
   2.3976242e-01   3.6148839e-02
   5.3324640e-01   1.1342120e-02
   1.7550802e-01   4.7281619e-01
   6.7491316e-01   4.5374110e-01
   6.6733267e-01   8.3875509e-01
   6.3012850e-01   5.4993370e-01
   7.3807161e-01   8.2266482e-01
   3.3527927e-01   1.7202045e-02
   1.7226329e-01   5.7007037e-01
   4.6300117e-01   8.4617091e-01
   6.0883764e-01   8.5498718e-01
   6.9269953e-01   5.0873801e-02
   7.0983386e-01   6.2635309e-02
   6.7698381e-01   8.3903656e-01
   4.4070913e-01   8.3999098e-01
   4.1469479e-01   6.2370608e-03
   9.0429530e-01   2.0103322e-01
   9.1266541e-01   2.1403110e-01
   3.5124308e-01   1.3100723e-02
   8.3372877e-01   7.6521356e-01
   7.9570626e-01   1.0170103e-01
   6.7512557e-01   8.3840585e-01
   6.4647361e-01   3.1277931e-02
   4.6905594e-01   8.5309956e-01
   9.0319946e-01   2.0999619e-01
   2.6168813e-01   2.7635627e-02
   8.6551409e-01   7.3933055e-01
   5.9719085e-01   8.5333709e-01
   1.9117480e-01   4.5368520e-01
   2.8049738e-01   7.6765092e-01
   4.5292866e-01   2.8398957e-01
   4.2805054e-01   8.4001807e-01
   2.9868493e-01   7.7829017e-01
   3.3145778e-01   7.9318578e-01
   7.3190579e-01   6.9608164e-02
   8.8150840e-01   7.2033678e-01
   8.5464230e-01   7.4480389e-01
   8.3567008e-01   1.3632320e-01
   4.2056057e-01   2.8091854e-01
   9.9003598e-01   4.9060798e-01
   3.3916810e-01   8.0836860e-01
   3.0692579e-01   7.8515881e-01
   9.5022400e-01   6.2523503e-01
   6.0124584e-01   2.0327866e-02
   1.9289723e-01   4.2276605e-01
   9.8353661e-01   3.6623435e-01
   4.8705738e-01   3.6342896e-03
   1.9513987e-01   4.2606756e-01
   2.2559233e-01   7.1082367e-01
   7.9666430e-01   7.8858959e-01
   5.1888633e-01   7.7451606e-03
   8.1506542e-01   7.7750686e-01
   1.9283345e-01   6.5684149e-01
   8.8717914e-01   7.2126969e-01
   9.5473568e-01   6.3035275e-01
   5.4750858e-01   8.5773030e-01
   6.3936033e-01   5.4897033e-01
   9.5845772e-01   2.9654528e-01
   8.2046382e-01   7.6956918e-01
   4.4206727e-01   8.4494282e-01
   6.2559571e-01   3.5069945e-01
   3.7023352e-01   8.2104939e-01
   1.6567265e-01   5.3290043e-01
   1.9564702e-01   4.3690405e-01
   7.4314523e-01   7.0029562e-02
   4.7925790e-01   8.4681016e-01
   6.5576882e-01   3.8081816e-01
   4.1924260e-01   8.3903720e-01
   8.3323300e-01   1.3545870e-01
   2.6808479e-01   3.4295300e-01
   4.5421896e-01   2.1782404e-03
   2.6429505e-01   7.5087057e-01
   2.9329391e-01   7.7892242e-01
   1.9098354e-01   4.4299393e-01
   8.5599614e-01   1.4941056e-01
   6.0418410e-01   3.3311186e-01
   3.3995830e-01   1.4982553e-02
   2.8679172e-01   3.3284026e-01
   2.0234371e-01   6.8167277e-01
   9.7107534e-01   3.3116207e-01
   3.3889449e-01   3.0701857e-01
   8.3654655e-01   7.6544807e-01
   9.3115860e-01   2.4388608e-01
   4.0882872e-01   2.8347198e-03
   9.1741269e-01   2.2585602e-01
   8.9011372e-01   1.8371204e-01
   5.3208191e-01   8.5543855e-01
   1.6788547e-01   5.4944043e-01
   8.5342783e-01   7.5020632e-01
   1.7896443e-01   4.8706546e-01
   6.6300149e-01   4.0408146e-02
   9.9451449e-01   3.9815507e-01
   7.3270732e-01   7.0063671e-02
   7.9126009e-01   9.9959037e-02
   7.1727086e-01   8.2400288e-01
   2.5126436e-01   7.3267012e-01
   9.7542057e-01   3.3083317e-01
   2.3070500e-01   3.4463127e-02
   8.4716953e-01   1.4085156e-01
   6.9654778e-01   5.0495469e-02
   9.4998832e-01   2.8811198e-01
   9.7292152e-01   5.7677823e-01
   8.7736154e-01   1.8019002e-01
   7.9577628e-01   7.9262036e-01
   5.9857526e-01   2.5210523e-02
   6.1576659e-01   3.4472302e-01
   2.8761179e-01   2.0088075e-02
   5.0409435e-01   2.9326321e-01
   9.1189084e-01   6.9184030e-01
   5.1807833e-01   8.5097630e-01
   4.7266668e-01   2.8303393e-01
   9.3066070e-01   2.4463881e-01
   9.9307546e-01   5.2887763e-01
   8.1671035e-01   1.1670625e-01
   9.4073230e-01   6.4719294e-01
   7.5112700e-01   7.9524987e-02
   9.5548568e-01   6.1879626e-01
   3.6043138e-01   5.7280370e-03
   5.8012389e-01   1.4564975e-02
   8.2808265e-01   7.6675960e-01
   7.9925900e-01   1.1108485e-01
   7.2884637e-01   8.2036379e-01
   6.9740900e-01   5.3331233e-02
   2.7993818e-01   7.6547307e-01
   2.6582929e-01   2.8293181e-02
   1.9253954e-01   6.5471810e-01
   5.9725850e-01   3.2453042e-01
   8.8603070e-01   1.7917561e-01
   6.9483818e-01   4.9301147e-02
   4.2627826e-01   0.0000000e+00
   2.8362681e-01   7.7270823e-01
   7.6419056e-01   8.2792696e-02
   8.9414331e-01   7.1162861e-01
   7.0320964e-01   8.3084300e-01
   7.2131638e-01   6.1969920e-02
   3.3428111e-01   1.4534380e-02
   5.8943216e-01   3.1942116e-01
   9.4991013e-01   2.7422990e-01
   1.6954993e-01   5.3208812e-01
   4.9959602e-01   8.5053540e-01
   1.8383617e-01   6.3227234e-01
   6.9415851e-01   5.1649139e-02
   2.1131756e-01   4.9913345e-02
   9.9889860e-01   4.3182366e-01
   9.5394208e-01   2.9206951e-01
   3.9845186e-01   7.1336635e-03
   9.6950161e-01   3.3201463e-01
   9.4456347e-01   6.4344270e-01
   4.3699150e-01   8.4189620e-01
   9.9855414e-01   4.7036297e-01
   3.8419594e-01   8.3001624e-01
   5.2459605e-01   8.5178396e-01
   4.0084144e-01   8.3263545e-01
   7.2168581e-01   8.2573849e-01
   8.1280141e-01   7.8113271e-01
   4.5824779e-01   5.1296042e-03
   1.8981292e-01   4.5232401e-01
   3.1713928e-01   7.9247686e-01
   9.5702476e-01   6.3070746e-01
   7.6781606e-01   8.0277031e-01
   1.7554205e-01   6.1246391e-01
   9.6030842e-01   6.1118165e-01
   5.5807238e-01   1.4139949e-02
   6.3654728e-01   3.6433239e-01
   6.3140365e-01   8.4940889e-01
   5.5627265e-01   3.0608707e-01
   9.3225800e-01   6.5667417e-01
   9.0087860e-01   7.0469551e-01
   8.5188244e-01   1.5169571e-01
   1.7031873e-01   5.2182845e-01
   9.6445228e-01   5.9456020e-01
   6.8990678e-01   8.3740039e-01
   6.0495591e-01   2.4264929e-02
   9.9135324e-01   3.9976983e-01
   3.6311672e-01   8.1331396e-01
   3.4213359e-01   8.0627885e-01
   1.7265160e-01   5.9115434e-01
   3.3554863e-01   1.5116707e-02
   2.2676923e-01   7.1208533e-01
   2.9242332e-01   3.2668974e-01
   3.8308507e-01   8.2449229e-01
   8.9751885e-01   1.9850122e-01
   9.5532354e-01   2.8494599e-01
   9.5690944e-01   2.9855135e-01
   5.9114415e-01   5.7212103e-01
   4.1718640e-01   8.4059313e-01
   4.8603814e-01   4.1283318e-03
   2.6720233e-01   7.5713449e-01
   9.7716404e-01   5.6771955e-01
   2.2681864e-01   7.0313334e-01
   4.0238069e-01   2.8497763e-01
   4.6300961e-01   8.4482097e-01
   7.3185509e-01   7.2236729e-02
   2.4719106e-01   2.8872909e-02
   6.0731331e-01   1.9470642e-02
   5.6135647e-01   3.0259393e-01
   3.1190676e-01   7.8765154e-01
   1.6384698e-01   5.3096152e-01
   2.6162433e-01   7.5370879e-01
   2.3794098e-01   3.6285560e-02
   9.0969963e-01   6.8642821e-01
   8.9166787e-01   1.8304991e-01
   6.5846939e-01   3.6590225e-02
   2.6957155e-01   3.4615712e-01
   4.7791835e-01   3.3655989e-04
   4.8367106e-01   2.8633645e-01
   8.9250394e-01   1.9438620e-01
   9.2178600e-01   2.2743950e-01
   9.4317571e-01   2.5893064e-01
   3.7520770e-01   2.9714233e-01
   6.4753232e-01   8.4400200e-01
   8.3079381e-01   7.6838716e-01
   8.8297817e-01   7.2639132e-01
   6.1726892e-01   2.3189493e-02
   9.7779611e-01   3.5870327e-01
   7.5705529e-01   8.8957345e-02
   8.8251150e-01   7.2646360e-01
   3.1941900e-01   1.2386018e-02
   6.1266820e-01   3.4050185e-01
   9.0028780e-01   7.0430730e-01
   2.0119749e-01   6.6437409e-01
   7.6090169e-01   8.0920668e-01
   9.7111793e-01   3.3769984e-01
   1.8526835e-01   4.5032897e-01
   9.8940020e-01   5.4207202e-01
   2.8935574e-01   7.6526225e-01
   5.5348424e-01   7.5230357e-03
   3.7515819e-01   2.9213418e-01
   4.9191363e-01   2.8292698e-01
   3.1064624e-01   2.0693205e-02
   3.0544967e-01   3.2352507e-01
   3.0302592e-01   3.1885061e-01
   3.0066483e-01   3.2207258e-01
   5.4316486e-01   2.9794051e-01
   6.7413315e-01   8.3899725e-01
   9.9153952e-01   3.8075837e-01
   6.9174344e-01   5.0677350e-02
   7.9767525e-01   1.1295483e-01
   9.4350043e-01   2.7176098e-01
   7.3581660e-01   8.2566090e-01
   9.5375601e-01   2.7661050e-01
   3.1721266e-01   1.4585748e-02
   8.2389457e-01   7.7696708e-01
   2.4223379e-01   7.2170950e-01
   7.9650537e-01   1.0627141e-01
   1.6447122e-01   5.3630922e-01
   1.6891692e-01   5.3355472e-01
   7.1194230e-01   8.2937579e-01
   9.9513481e-01   5.0814661e-01
   9.8855752e-01   5.1770700e-01
   4.0705031e-01   2.9011081e-01
   4.0226078e-01   2.8773633e-01
   2.0008441e-01   6.7221304e-01
   9.1452174e-01   2.1639142e-01
   5.3710001e-01   8.5885806e-01
   7.0232167e-01   5.2690994e-02
   3.8770674e-01   8.3929803e-03
   4.9539108e-01   8.5094594e-01
   6.5628025e-01   3.9279475e-01
   9.5326144e-01   6.3676181e-01
   8.8978924e-01   1.8612499e-01
   2.7427809e-01   7.5695243e-01
   7.8479295e-01   7.9544349e-01
   1.7541622e-01   4.9614658e-01
   3.7805391e-01   8.1866844e-03
   7.6312056e-01   8.1056526e-01
   8.9496775e-01   7.0850925e-01
   1.7009004e-01   4.9432519e-01
   5.1463289e-01   2.8838564e-01
   6.3411962e-01   3.6170175e-01
   7.2461238e-01   6.4131156e-02
   8.4689920e-01   1.4358428e-01
   2.0348416e-01   4.2156099e-01
   5.1165072e-01   6.3880565e-03
   9.7667903e-01   3.4144337e-01
   9.9219499e-01   4.0899084e-01
   2.2782628e-01   4.2188478e-02
   6.7429477e-01   4.6077686e-01
   5.8148616e-01   8.5898285e-01
   7.7606276e-01   8.0023329e-01
   9.5975616e-01   6.0719277e-01
   5.6507068e-01   3.0438269e-01
   9.9328580e-01   3.9978387e-01
   6.4821238e-01   3.9074751e-01
   9.2803108e-01   6.6655790e-01
   9.4909888e-01   2.6550977e-01
   7.7103884e-01   8.0108588e-01
   9.8771430e-01   5.1938773e-01
   1.8225623e-01   4.6701535e-01
   9.9151720e-01   4.4102832e-01
   4.4534194e-01   8.4208715e-01
   4.8868092e-01   2.8178994e-01
   4.2639908e-01   8.4085306e-01
   1.7543278e-01   6.1683528e-01
   1.6358651e-01   5.4855194e-01
   9.9317255e-01   4.9718437e-01
   8.5788912e-01   7.3971617e-01
   5.4153712e-01   8.5778615e-01
   1.8002824e-01   4.7936466e-01
   6.2061206e-01   2.6940065e-02
   6.0707091e-01   1.9273742e-02
   2.0229164e-01   6.7390926e-01
   9.8513365e-01   5.2034808e-01
   8.2087453e-01   1.2308492e-01
   3.2241115e-01   1.3838125e-02
   4.3258134e-01   5.9467929e-03
   4.5090922e-01   8.5013169e-01
   2.8158459e-01   3.4290154e-01
   7.5159461e-01   9.6699569e-01
   4.9872306e-01   9.9270362e-01
   4.0455335e-01   9.8124235e-01
   2.2846978e-01   9.0567708e-01
   8.0057832e-02   3.2672289e-01
   4.3295595e-01   1.4011792e-01
   6.0095613e-01   7.0940611e-01
   9.0923175e-03   5.8209766e-01
   3.9828213e-01   9.7926680e-01
   8.1201514e-01   3.5131570e-01
   3.2797096e-01   9.5734243e-01
   3.9048677e-01   6.6942778e-01
   5.6042623e-01   1.5802115e-01
   8.2150576e-01   3.6775111e-01
   6.9218959e-01   6.7926746e-01
   3.5300693e-03   5.2079828e-01
   7.3929722e-01   2.5420365e-01
   6.8822512e-01   9.8184347e-01
   1.9864777e-01   2.1830644e-01
   9.2091308e-02   7.9271016e-01
   3.6943842e-01   4.4394037e-01
   1.7328384e-02   4.5068239e-01
   3.8665339e-02   3.7960445e-01
   2.4080861e-01   9.1813262e-01
   7.5932571e-03   5.8243750e-01
   4.4284360e-01   9.8536925e-01
   5.1266585e-01   9.9833449e-01
   6.9723721e-01   6.8247900e-01
   7.8795278e-01   5.8785041e-01
   2.0490283e-01   8.9496757e-01
   3.6217593e-01   6.3890274e-01
   5.2830908e-01   1.5094108e-01
   7.7538240e-01   2.9023590e-01
   8.4415847e-02   7.8145171e-01
   5.1282154e-01   7.1051862e-01
   2.0687601e-01   8.9180702e-01
   1.8068121e-01   8.7991880e-01
   1.1339500e-01   2.7726738e-01
   8.3115971e-01   4.1816562e-01
   3.9539800e-01   6.6403759e-01
   2.6096224e-03   5.0600090e-01
   3.3166730e-01   4.9965272e-01
   3.6618499e-01   6.4029000e-01
   6.1077569e-01   7.1362430e-01
   3.3189424e-01   1.5914328e-01
   1.8777982e-02   6.3465651e-01
   3.7713704e-01   9.7444154e-01
   1.9381256e-01   2.1067627e-01
   3.3943091e-01   5.9805478e-01
   7.4518799e-01   2.5322569e-01
   4.4797632e-03   5.5067819e-01
   1.9269565e-01   8.8142177e-01
   7.9460675e-01   3.1677796e-01
   1.9670048e-01   2.1391940e-01
   2.7448810e-01   9.3173847e-01
   2.0250997e-02   4.2632525e-01
   1.0446158e-01   2.8804478e-01
   7.0102300e-01   2.2540919e-01
   4.6155831e-01   1.4278186e-01
   2.0846083e-01   8.9624327e-01
   6.7485379e-01   2.0007418e-01
   2.9821967e-01   1.6984227e-01
   5.9638276e-01   1.7222426e-01
   2.3505144e-02   6.5217829e-01
   5.9624496e-02   3.6094049e-01
   8.9818433e-03   5.7998218e-01
   2.1324005e-01   2.0077387e-01
   4.9894283e-01   1.5045429e-01
   2.5646786e-01   1.8914981e-01
   3.8425684e-01   6.5899586e-01
   4.6031213e-01   1.4786263e-01
   7.1892706e-01   9.7318045e-01
   1.7819042e-01   8.7691123e-01
   8.2659396e-02   7.6914590e-01
   1.4527685e-01   8.4908761e-01
   1.2687643e-01   8.3336255e-01
   3.4285009e-01   9.6069019e-01
   1.5380317e-01   8.5878631e-01
   7.4105655e-01   9.6663566e-01
   5.4130589e-01   7.1697700e-01
   5.1158830e-01   1.4938061e-01
   2.1393048e-01   2.0705546e-01
   8.2790062e-01   3.9877929e-01
   3.3120347e-01   5.5075237e-01
   7.2637073e-01   9.7683595e-01
   7.7161419e-02   7.6584813e-01
   6.8271498e-01   6.8464009e-01
   6.7607503e-01   6.8955552e-01
   4.6076963e-02   7.1075585e-01
   5.5543300e-01   1.5957079e-01
   4.1112781e-01   6.8322682e-01
   4.5755195e-01   1.4300920e-01
   6.6367240e-01   6.9220847e-01
   2.2216509e-01   9.0806738e-01
   6.0227235e-01   9.9358863e-01
   4.2287729e-01   4.1951473e-01
   1.5541267e-03   5.6931149e-01
   1.7535596e-02   6.4326064e-01
   8.2868093e-01   4.1400404e-01
   3.4276945e-01   9.6087416e-01
   7.7891962e-01   3.0531242e-01
   3.2790547e-01   5.0881647e-01
   4.7638434e-01   7.0551876e-01
   2.1430445e-01   9.0012877e-01
   4.8145121e-02   7.2692476e-01
   1.8664789e-01   8.8066845e-01
   6.6540700e-03   5.0129143e-01
   2.9103602e-01   9.4587281e-01
   3.3097662e-01   5.4064296e-01
   4.8151027e-01   1.4479230e-01
   8.3067787e-01   4.2548502e-01
   2.4153952e-01   1.8610938e-01
   4.4569337e-01   9.8934766e-01
   8.0742050e-01   3.4059728e-01
   2.5357567e-02   4.3387932e-01
   3.3808055e-01   5.0301489e-01
   7.0273609e-01   6.7233704e-01
   3.0956512e-01   9.5354593e-01
   7.9140152e-01   5.8049742e-01
   2.9917439e-01   9.4556533e-01
   6.7895815e-01   2.1413961e-01
   1.5676088e-02   6.3020020e-01
   3.4285898e-01   6.1026498e-01
   8.7519328e-02   7.8426586e-01
   1.9681171e-01   2.1345794e-01
   6.3871351e-01   9.9250016e-01
   7.8852194e-01   3.1683374e-01
   5.7441379e-01   1.6424682e-01
   5.5241488e-01   7.1547551e-01
   6.9981476e-01   9.7988187e-01
   3.9387729e-01   1.4930597e-01
   4.4235607e-01   6.9675064e-01
   5.6572375e-02   7.4173711e-01
   1.7779451e-01   2.2772940e-01
   7.0621625e-01   2.2580789e-01
   1.2524390e-01   8.1992148e-01
   3.1675534e-01   9.5387782e-01
   8.2453150e-01   4.1025698e-01
   1.0864167e-01   2.8106267e-01
   3.8522710e-01   1.5255432e-01
   7.1215567e-01   6.7181794e-01
   2.1887298e-02   4.4380939e-01
   6.2320184e-01   9.8968565e-01
   5.3593610e-01   7.2061141e-01
   5.0691015e-01   9.9174070e-01
   8.5858258e-02   3.1529108e-01
   4.0665545e-01   1.4858453e-01
   6.9722767e-01   6.8209529e-01
   8.2614188e-01   4.3110159e-01
   3.4887431e-01   1.5379988e-01
   1.1718584e-01   2.7525302e-01
   6.3582874e-01   1.8288402e-01
   1.6201247e-01   8.5888999e-01
   4.5009532e-01   9.8772164e-01
   8.2168106e-02   7.7863543e-01
   4.7705718e-01   1.4809879e-01
   1.8541839e-02   4.5399946e-01
   7.0259719e-03   5.4557059e-01
   6.0508425e-01   7.1345658e-01
   1.9970242e-01   2.0732638e-01
   7.4911660e-01   2.6513552e-01
   3.9447943e-02   3.8560731e-01
   6.4341658e-01   9.8705062e-01
   4.1148984e-01   1.4144002e-01
   3.2572245e-01   5.3326972e-01
   5.9748424e-01   9.9864653e-01
   5.8571709e-01   9.9412727e-01
   6.3032539e-01   1.8025944e-01
   8.2925186e-01   3.9524707e-01
   1.9366695e-01   8.8678093e-01
   1.5918404e-01   2.3590733e-01
   6.0224686e-02   3.4419591e-01
   2.7070021e-02   6.6249920e-01
   4.7068087e-01   7.0990486e-01
   4.2677284e-01   9.8068540e-01
   6.3990438e-01   9.9054052e-01
   4.8503289e-01   7.1239596e-01
   3.4801266e-01   9.6518099e-01
   5.3292461e-01   9.9495125e-01
   3.7461800e-01   4.4607974e-01
   1.3863076e-01   2.5651860e-01
   0.0000000e+00   5.7119493e-01
   5.4283000e-01   1.5761557e-01
   2.2138661e-03   5.7145255e-01
   1.3645075e-01   8.4406202e-01
   4.6522621e-02   3.7667248e-01
   8.9306924e-03   5.2026414e-01
   8.0150767e-01   3.4810945e-01
   3.3294339e-01   9.6183359e-01
   4.1228354e-01   1.4531722e-01
   8.9059262e-03   5.2570856e-01
   3.1758685e-01   9.5003428e-01
   8.1206355e-01   3.6490737e-01
   4.9380107e-01   1.4916508e-01
   7.9751820e-02   3.2202183e-01
   3.5625559e-01   1.5740232e-01
   4.6869980e-01   6.9868111e-01
   1.0832637e-01   8.0276238e-01
   3.3296354e-01   5.3019999e-01
   3.9525715e-01   1.4620735e-01
   3.2752754e-01   5.5672912e-01
   7.3148563e-01   9.7568922e-01
   1.3498825e-01   2.5785413e-01
   5.3264040e-01   9.9941568e-01
   5.5317858e-01   1.5599639e-01
   4.6074634e-01   9.9282859e-01
   8.3284878e-01   4.0504947e-01
   5.3981662e-01   9.9642926e-01
   4.8994700e-01   9.9182723e-01
   4.9964884e-01   1.4555530e-01
   3.2963870e-03   5.0922717e-01
   5.5149266e-02   3.5450188e-01
   4.8829719e-01   9.9424352e-01
   8.2050378e-01   5.2794222e-01
   4.3273067e-01   4.2072730e-01
   4.4638789e-01   9.9333948e-01
   8.2842910e-01   4.6503536e-01
   8.3117529e-01   4.4343538e-01
   4.0343020e-03   5.4421794e-01
   7.6120556e-01   2.7478365e-01
   2.9307896e-01   9.4383288e-01
   4.5760384e-01   9.8690625e-01
   6.4353654e-01   9.8674105e-01
   5.2895365e-01   1.5218240e-01
   2.3106306e-01   9.0510298e-01
   7.0970858e-01   6.7717450e-01
   9.1384314e-03   5.0576972e-01
   3.7027629e-02   6.9797892e-01
   4.4768312e-01   6.9879999e-01
   1.2113591e-01   2.7926476e-01
   4.6863174e-01   9.9110808e-01
   8.1952436e-01   3.8623830e-01
   8.3341968e-01   4.7026711e-01
   3.2782135e-01   9.6068436e-01
   2.0682069e-01   2.1127975e-01
   6.9010378e-01   6.8008506e-01
   8.2643645e-01   4.8448526e-01
   4.9687451e-03   5.9062109e-01
   6.3126387e-02   3.4864667e-01
   7.9132331e-01   3.1287282e-01
   9.0071351e-03   4.9580866e-01
   6.0283571e-02   7.4215320e-01
   8.0392994e-01   3.3874031e-01
   4.5669379e-01   1.4363543e-01
   6.1902091e-01   1.7521178e-01
   1.7885570e-01   8.8080808e-01
   6.3543376e-01   7.0860589e-01
   5.1052329e-01   9.9785736e-01
   7.9271726e-01   3.1293363e-01
   1.9407157e-01   2.1270191e-01
   1.8354484e-01   8.8133689e-01
   1.9300109e-02   6.4390599e-01
   6.8035695e-01   6.8409931e-01
   2.9304036e-02   6.9663459e-01
   6.1340982e-01   7.1157858e-01
   6.4758505e-01   9.9138370e-01
   4.6720254e-01   9.8952368e-01
   1.5987638e-01   2.3982130e-01
   2.0328468e-02   6.4754973e-01
   7.3647869e-01   9.6877887e-01
   5.9666656e-01   7.1154098e-01
   1.1366356e-01   8.2423568e-01
   2.9745709e-01   9.4117866e-01
   1.7654932e-01   8.7375845e-01
   7.8656632e-01   5.9564329e-01
   4.0080998e-01   1.4731123e-01
   3.6555693e-01   4.5176853e-01
   7.1711453e-01   2.3438383e-01
   6.3608446e-01   7.0843763e-01
   3.3790502e-01   1.6041097e-01
   5.2272474e-02   3.6638730e-01
   2.0986184e-01   8.9306899e-01
   4.2876523e-01   1.4173496e-01
   1.2146462e-01   2.7756812e-01
   5.8035600e-01   9.9447852e-01
   5.0182850e-01   9.9320272e-01
   8.7815924e-02   3.0825596e-01
   5.1251156e-01   9.9469016e-01
   3.4976638e-01   6.0959123e-01
   2.4697339e-01   9.2090483e-01
   6.8865667e-01   2.1146256e-01
   8.3054977e-01   4.8489347e-01
   2.8317636e-01   9.4056475e-01
   6.5260415e-01   1.9444635e-01
   7.2911393e-01   6.5365425e-01
   3.3337493e-01   5.1767006e-01
   6.7443592e-01   9.8504566e-01
   1.5830463e-02   6.5208722e-01
   3.8848808e-01   9.7696417e-01
   6.2434598e-01   9.9000136e-01
   2.0302471e-02   6.4767248e-01
   5.5503961e-01   9.9648530e-01
   8.2804237e-01   4.0036800e-01
   4.6850578e-01   9.9046300e-01
   5.6388253e-01   9.9718556e-01
   7.7415075e-01   2.8938580e-01
   4.0833471e-01   6.6919215e-01
   1.5020842e-01   8.5306039e-01
   4.4603786e-01   6.9255480e-01
   7.5014455e-02   7.7099117e-01
   3.4178378e-01   1.5694707e-01
   4.6441697e-04   5.7768362e-01
   7.4045692e-01   6.4371396e-01
   1.1776020e-01   2.7898579e-01
   2.1052261e-03   5.2749146e-01
   3.6991563e-01   4.5243377e-01
   2.7357359e-01   1.7497139e-01
   4.6931607e-01   9.9182555e-01
   5.5855151e-01   7.1498510e-01
   3.5672221e-01   1.5133917e-01
   3.1596931e-03   5.9596084e-01
   7.7670767e-01   3.0221038e-01
   6.6051464e-01   9.8976306e-01
   3.1257098e-02   6.9179209e-01
   8.1726480e-01   5.5564346e-01
   7.4670524e-02   3.2544952e-01
   4.4139258e-01   9.8547457e-01
   7.0892311e-02   3.3775213e-01
   1.2310872e-01   8.1938827e-01
   4.9360073e-01   9.9462361e-01
   3.3490953e-01   9.6419087e-01
   6.1663902e-01   7.0526770e-01
   7.8930701e-01   5.9793532e-01
   7.0116039e-01   6.7836475e-01
   3.2906967e-01   5.1868021e-01
   3.8819262e-01   4.3788403e-01
   1.9353074e-02   4.2707061e-01
   1.4189468e-02   4.6677396e-01
   5.6132155e-01   9.9614392e-01
   8.2693276e-02   7.8355170e-01
   7.6925792e-01   2.8577669e-01
   2.0233562e-01   2.0898992e-01
   8.2439788e-01   3.9970726e-01
   8.3266505e-02   7.8133980e-01
   5.6331439e-01   7.2021901e-01
   1.0174281e-01   8.1164381e-01
   2.5092674e-01   9.1846807e-01
   1.0163271e-01   8.0300123e-01
   6.8951178e-01   2.1500133e-01
   3.3632509e-02   3.9990847e-01
   2.7644975e-01   1.7082543e-01
   4.5484361e-01   6.9903660e-01
   3.0214658e-01   9.4974726e-01
   2.0779969e-02   6.6518769e-01
   8.1490177e-01   3.7225407e-01
   7.1175727e-01   9.7439672e-01
   7.7633998e-01   6.1124622e-01
   7.7553040e-01   2.8735483e-01
   4.5998760e-01   1.4532927e-01
   8.2893743e-01   4.6218420e-01
   7.9836343e-01   5.8548972e-01
   4.8639818e-02   7.1762433e-01
   7.6516021e-01   6.1839755e-01
   1.4271450e-01   2.5960326e-01
   7.7586983e-01   2.9892210e-01
   3.0011462e-01   1.6829096e-01
   5.8744895e-01   1.0000000e+00
   8.2273124e-01   5.2174782e-01
   4.6887157e-01   4.2059058e-01
   5.3138646e-01   9.9401122e-01
   1.4832741e-02   6.4683578e-01
   1.5580958e-01   2.4426748e-01
   1.4068566e-01   2.6010622e-01
   5.1466509e-01   7.1475892e-01
   7.8975077e-01   9.5538738e-01
   6.1974072e-01   1.7649127e-01
   2.3118524e-03   5.0671292e-01
   5.2044216e-01   1.4651537e-01
   4.0699479e-01   4.2772234e-01
   9.0939702e-02   3.0104019e-01
   1.7483148e-01   2.3481913e-01
   8.2975815e-01   4.3774242e-01
   3.3126824e-01   5.8916692e-01
   3.3448340e-01   9.6261436e-01
   3.3987493e-01   5.9810659e-01
   7.3924345e-01   2.4943247e-01
   1.8507675e-01   8.7800106e-01
   7.2165849e-01   9.7270322e-01
   2.8714694e-02   4.0812180e-01
   1.6873419e-01   8.6841953e-01
   7.1598620e-02   7.6805742e-01
   7.3321275e-03   5.7188191e-01
   9.4714219e-03   6.1013286e-01
   6.2044093e-01   9.8971807e-01
   1.1387820e-01   2.8223072e-01
   4.9789743e-01   1.4995125e-01
   1.6110866e-02   6.2890740e-01
   3.6548015e-01   1.5503774e-01
   6.2700101e-01   7.0750275e-01
   3.6649452e-01   1.5355632e-01
   9.0823106e-02   3.1249215e-01
   5.1219583e-01   1.4452809e-01
   5.0253292e-01   1.4418806e-01
   1.1582738e-01   8.1685589e-01
   1.4110818e-01   2.5529712e-01
   2.1314938e-01   1.9974338e-01
   4.5853376e-01   6.9857307e-01
   8.3398702e-01   4.1964432e-01
   3.4270875e-01   1.5980805e-01
   5.5900188e-03   5.3830113e-01
   4.7368796e-02   7.2295464e-01
   7.8194148e-01   9.5587172e-01
   6.0238141e-01   9.9300608e-01
   4.7407714e-01   7.0767746e-01
   6.7157357e-01   9.8544177e-01
   7.2830469e-01   6.5846779e-01
   7.1739683e-01   9.7713391e-01
   2.1758322e-02   4.2974456e-01
   8.3360561e-01   4.5189484e-01
   3.9704760e-01   6.6219542e-01
   7.6685834e-01   2.9149316e-01
   2.5574198e-01   9.2658820e-01
   4.1916439e-01   6.7676823e-01
   6.4264058e-01   1.8860858e-01
   6.2287437e-01   7.0597430e-01
   7.1349341e-01   6.7185136e-01
   3.7407654e-01   6.4554624e-01
   4.2028147e-02   7.0349697e-01
   4.4803094e-01   7.0199341e-01
   8.2681283e-03   4.8455995e-01
   7.5174804e-01   6.3846400e-01
   7.0966001e-03   5.7895921e-01
   1.9543827e-01   2.1596132e-01
   8.0268998e-01   3.2294171e-01
   3.0309248e-01   9.4817632e-01
   2.7000055e-01   9.3616012e-01
   6.2679853e-01   9.9525450e-01
   4.8389552e-01   4.2354671e-01
   6.5638834e-03   5.4177058e-01
   4.0031248e-01   4.3063137e-01
   5.2540013e-01   7.1531555e-01
   5.2289719e-01   7.1732915e-01
   6.0196587e-01   1.7201040e-01
   8.3470603e-01   4.5771304e-01
   6.6614515e-01   1.9267816e-01
   8.3235119e-01   4.2780576e-01
   5.3982078e-01   1.5351086e-01
   4.3159043e-01   1.4092807e-01
   3.6180467e-03   5.4311718e-01
   1.9386390e-01   8.8404386e-01
   8.1944325e-01   3.6721129e-01
   3.4545063e-01   9.6288778e-01
   9.3415734e-02   7.9229719e-01
   2.8748730e-01   9.4748886e-01
   7.6703248e-01   6.1565796e-01
   3.7504696e-01   6.5178394e-01
   9.1791321e-03   4.6421613e-01
   4.1205192e-02   7.0135813e-01
   5.4122957e-01   7.1706907e-01
   4.8441195e-01   7.0688215e-01
   2.3379391e-02   4.3237042e-01
   2.5156459e-01   9.2919055e-01
   2.5895534e-01   9.3214121e-01
   4.5817675e-01   6.9855253e-01
   7.7686272e-02   7.7666854e-01
   5.1713856e-01   9.9478798e-01
   3.3188196e-01   1.6115634e-01
   3.9260342e-01   6.6724667e-01
   8.3538997e-01   4.4784842e-01
   8.2616616e-02   7.7709854e-01
   3.3054168e-01   5.7068167e-01
   4.1902653e-01   1.4735718e-01
   1.0452347e-01   2.9158031e-01
   6.7352033e-01   9.8347086e-01
   8.1170194e-01   5.4447174e-01
   5.6750194e-01   7.1981352e-01
   1.0852799e-03   5.6345958e-01
   5.2872809e-01   7.1754759e-01
   7.5137537e-01   9.6219773e-01
   8.2728216e-01   4.2526742e-01
   1.1228861e-02   4.5885942e-01
   2.7183705e-01   9.3048714e-01
   3.0085356e-01   9.4764037e-01
   2.2601524e-01   2.0031213e-01
   1.3662898e-01   8.3836868e-01
   5.5695383e-01   9.9480626e-01
   5.0887462e-01   9.9315021e-01
   8.1823846e-01   5.3379515e-01
   8.5619817e-02   3.1299393e-01
   1.8811272e-01   8.8344771e-01
   7.9253152e-01   5.8483828e-01
   1.0621651e-01   8.1081634e-01
   2.5398057e-01   1.8414750e-01
   3.6689417e-02   3.9938591e-01
   8.2947951e-01   3.8972583e-01
   4.4692516e-01   6.9567595e-01
   7.7017492e-01   2.9215145e-01
   5.6057943e-01   9.9787219e-01
   2.7218916e-01   1.7723689e-01
   8.1274547e-01   3.6563908e-01
   1.4021463e-01   8.3907389e-01
   1.5847339e-01   8.5573817e-01
   3.4293843e-01   4.8026017e-01
   4.5116523e-01   9.8698205e-01
   2.1626707e-01   9.0703103e-01
   7.1873146e-01   2.3387984e-01
   7.5122816e-03   6.2346205e-01
   7.7742146e-01   3.0171888e-01
   6.0026264e-01   9.9661298e-01
   7.9737597e-01   3.3434028e-01
