   7.3794665e-01   7.3672482e-02
   4.7412580e-01   3.5463262e-03
   3.9734151e-01   2.9326961e-01
   4.4820662e-01   1.8384688e-03
   9.9338059e-01   4.7716670e-01
   5.0330245e-01   2.9109541e-01
   1.9617894e-01   6.5592936e-01
   9.1191584e-01   6.8801932e-01
   3.1776176e-01   1.2336556e-02
   2.9775350e-01   2.0448150e-02
   2.8999886e-01   3.2596120e-01
   2.8123458e-01   2.7179754e-02
   3.1944097e-01   1.5244136e-02
   7.7017218e-01   8.0759089e-01
   7.7434082e-01   9.5363187e-02
   3.4519069e-01   3.0440086e-01
   5.7028437e-01   8.5216388e-01
   4.3937503e-01   8.4180229e-03
   7.8983398e-01   1.0386898e-01
   3.0754591e-01   2.1571041e-02
   9.9243306e-01   4.1087426e-01
   6.7067213e-01   4.5179452e-01
   6.4084162e-01   3.0090745e-02
   3.9098692e-01   8.0784843e-03
   9.8271495e-01   3.5011778e-01
   8.7321061e-01   1.6455427e-01
   9.0272200e-01   2.0095112e-01
   4.8221884e-01   8.4854015e-01
   9.9028349e-01   4.1549584e-01
   2.4824499e-01   3.5563373e-01
   9.5658228e-01   2.8537815e-01
   6.6638274e-01   4.6532527e-01
   1.8981775e-01   6.5636719e-01
   6.6320709e-01   4.1335914e-01
   5.1266773e-01   2.9270449e-01
   7.1366066e-01   6.4021656e-02
   9.6602307e-01   3.1093198e-01
   2.6375157e-01   7.5136754e-01
   3.4210220e-01   1.3472992e-02
   6.7148105e-01   4.5859799e-01
   6.2630905e-01   8.4743606e-01
   4.3946644e-01   8.4101267e-01
   8.5527715e-01   1.5293983e-01
   7.8416202e-01   9.8726250e-02
   2.1185787e-01   3.9728141e-01
   7.8254049e-01   8.0263218e-01
   6.4685374e-01   8.4127599e-01
   9.9486180e-01   4.3879617e-01
   9.5234967e-01   2.7246984e-01
   8.7493954e-01   1.7751597e-01
   1.9091544e-01   6.5463048e-01
   9.7954547e-01   3.4659731e-01
   9.9555088e-01   4.1900915e-01
   2.7715971e-01   3.3413069e-01
   4.2313743e-01   2.8648737e-01
   7.9763985e-01   7.8764538e-01
   3.0960881e-01   1.8214631e-02
   3.1974274e-01   7.9743552e-01
   9.6377132e-01   6.0294972e-01
   1.6643130e-01   4.9954134e-01
   8.8642584e-01   1.7856233e-01
   1.6890582e-01   5.8852579e-01
   8.2604031e-01   7.6965669e-01
   9.6147627e-01   2.9726835e-01
   5.2160442e-01   4.6567493e-03
   3.1163279e-01   1.8684284e-02
   9.1422930e-01   6.9443721e-01
   3.5397917e-01   2.9839678e-01
   3.1408468e-01   3.1367601e-01
   1.6809978e-01   6.0241744e-01
   6.6921623e-01   4.5819622e-02
   1.7391381e-01   5.9027764e-01
   7.3642758e-01   7.7472321e-02
   1.6732939e-01   5.5942313e-01
   4.0186305e-01   4.2718064e-03
   3.5083438e-01   8.1021807e-01
   2.0205688e-01   4.1805336e-01
   1.6419969e-01   5.7749716e-01
   9.9399576e-01   5.2092033e-01
   7.3871664e-01   8.2030308e-01
   3.5229956e-01   8.1034639e-01
   6.9775627e-01   5.3372578e-02
   9.6710033e-01   6.0162545e-01
   9.1184388e-01   6.8561502e-01
   4.3593558e-01   4.8100154e-03
   2.0093640e-01   6.7715120e-01
   8.7404677e-01   1.6982916e-01
   8.8170529e-01   1.7300605e-01
   4.4265651e-01   8.4440266e-01
   9.4238908e-01   6.4701471e-01
   5.8755650e-01   3.2060865e-01
   6.4485502e-01   3.8679709e-01
   8.7489132e-01   7.2426420e-01
   8.2067411e-01   1.3160618e-01
   3.9004431e-01   6.4177652e-03
   3.8258846e-01   2.9021305e-01
   9.4245397e-01   6.3760090e-01
   7.2212676e-01   8.2114722e-01
   6.1832828e-01   5.5402175e-01
   3.0707714e-01   7.9053982e-01
   2.7991335e-01   3.4013937e-01
   7.8952595e-01   1.0437047e-01
   2.5336051e-01   7.3324215e-01
   8.7624461e-01   7.3333123e-01
   2.6746533e-01   3.4847564e-01
   9.8486697e-01   5.5877777e-01
   1.7902729e-01   6.0966989e-01
   9.9904507e-01   4.1667816e-01
   9.6739312e-01   3.2797353e-01
   8.9278918e-01   1.9036303e-01
   6.6622455e-01   8.3956183e-01
   5.6427238e-01   3.0492333e-01
   1.6744502e-01   5.1529611e-01
   4.5057598e-01   4.1142448e-03
   3.0871483e-01   3.2062942e-01
   7.0457740e-01   5.5962498e-02
   8.9424842e-01   7.0696028e-01
   2.1156897e-01   5.0941274e-02
   5.8001919e-01   3.1957026e-01
   6.4400627e-01   8.5119859e-01
   4.7424442e-01   2.8137908e-01
   3.0595331e-01   1.6373194e-02
   5.7004154e-01   5.7515158e-01
   8.3579476e-01   1.3569461e-01
   7.2590897e-01   6.6305306e-02
   5.8653263e-01   2.2385891e-02
   5.5857887e-01   3.0240501e-01
   5.0411759e-01   8.4897628e-01
   1.7677375e-01   6.0540252e-01
   7.7969265e-01   9.6030750e-02
   6.0726501e-01   8.5093596e-01
   4.5981214e-01   1.5335430e-03
   2.3150149e-01   3.8040493e-01
   1.7658286e-01   6.1354484e-01
   3.2261440e-01   3.0888542e-01
   3.5634701e-01   3.0046992e-01
   5.8724835e-01   1.9613299e-02
   9.5967790e-01   6.0977925e-01
   9.1932273e-01   6.8357650e-01
   3.2658186e-01   3.0395600e-01
   6.3156809e-01   3.0408229e-02
   9.9405209e-01   5.0270487e-01
   3.4520416e-01   8.1461170e-01
   8.4091152e-01   7.6242070e-01
   5.0684361e-01   8.5357157e-01
   5.8209315e-01   3.2522044e-01
   1.6510827e-01   5.4305487e-01
   4.0402894e-01   2.8562277e-01
   2.1868967e-01   3.9083687e-01
   1.6212941e-01   5.5016768e-01
   5.5491821e-01   8.5743743e-01
   6.5416949e-01   3.9875326e-01
   4.7823330e-01   3.8807761e-03
   3.5720853e-01   1.4322402e-02
   7.8055018e-01   7.9327895e-01
   7.7888307e-01   8.0108342e-01
   3.1538711e-01   7.9084064e-01
   4.9109272e-01   8.7661022e-03
   4.0502970e-01   8.3152447e-01
   4.5337910e-01   2.8620668e-01
   8.1807434e-01   1.2922758e-01
   4.6915185e-01   8.4699549e-01
   1.6901704e-01   5.5205467e-01
   5.1905172e-01   8.5856159e-01
   5.0909071e-01   2.9153054e-01
   3.7201161e-01   2.9124199e-01
   3.6466918e-01   1.0423921e-02
   3.2350298e-01   1.4580031e-02
   9.5340934e-01   6.2682615e-01
   6.3246170e-01   3.6289587e-01
   1.7027901e-01   5.3095152e-01
   3.5210037e-01   8.1496779e-01
   7.1577260e-01   6.8286391e-02
   6.3396608e-01   5.4008510e-01
   6.6325031e-01   4.2592147e-01
   2.5895384e-01   3.5397050e-01
   9.9581500e-01   4.3507405e-01
   9.1309290e-01   2.1979411e-01
   9.9979111e-01   4.3336424e-01
   6.6862972e-01   8.4321179e-01
   9.1311450e-01   6.8898684e-01
   2.1472201e-01   7.0049206e-01
   8.9913277e-01   1.9750836e-01
   2.1716814e-01   4.0106290e-01
   9.7992448e-01   3.3315446e-01
   2.2723631e-01   3.8744247e-01
   4.0530738e-01   8.2759286e-01
   9.9396730e-01   4.9245539e-01
   8.1869354e-01   1.2582338e-01
   5.6778693e-01   3.0928934e-01
   3.9829693e-01   7.6939061e-03
   8.2734328e-01   1.3752795e-01
   7.7636203e-01   8.0057745e-01
   6.1661554e-01   8.5291241e-01
   6.5116620e-01   8.4145307e-01
   2.3685976e-01   7.2973001e-01
   8.2792371e-01   7.6484296e-01
   8.3532620e-01   7.6487959e-01
   7.2443784e-01   6.7432217e-02
   7.9114662e-01   1.0451253e-01
   9.9629379e-01   4.4383987e-01
   4.3753247e-01   8.4089087e-01
   7.4370509e-01   8.0178602e-02
   8.8260769e-01   7.2014709e-01
   3.4479057e-01   8.0936914e-01
   3.6975531e-01   1.2454619e-02
   5.6539324e-01   1.0501393e-02
   9.1445081e-01   6.8813578e-01
   9.9701665e-01   4.9940767e-01
   9.6407260e-01   5.9635982e-01
   1.8881398e-01   4.5230657e-01
   2.2889282e-01   7.1637495e-01
   7.2885034e-01   8.2154187e-01
   1.7186403e-01   5.1931894e-01
   6.5378227e-01   4.1071336e-02
   2.0134517e-01   4.1106217e-01
   1.6811698e-01   5.0092736e-01
   2.5601902e-01   3.5987294e-01
   1.7102158e-01   5.1119866e-01
   6.1399499e-01   8.4849509e-01
   2.4523451e-01   7.3652902e-01
   4.1884798e-01   1.4181999e-03
   5.9590956e-01   8.5095881e-01
   2.2099751e-01   3.8711966e-01
   4.7474114e-01   3.4529807e-03
   2.4995710e-01   2.9294448e-02
   6.2525330e-01   8.4802707e-01
   4.5852974e-01   2.8057258e-01
   1.7327751e-01   6.0312784e-01
   5.3045396e-01   8.5152141e-01
   9.8003724e-01   5.7860598e-01
   1.7028682e-01   6.1070008e-01
   9.8477659e-01   5.5002968e-01
   9.5046704e-01   2.7030186e-01
   1.7151932e-01   4.9442262e-01
   4.2651263e-01   2.8705984e-01
   2.2096160e-01   7.0418650e-01
   2.6372894e-01   7.5548554e-01
   5.7720011e-01   8.5817926e-01
   8.2365892e-01   7.6522658e-01
   5.5706916e-01   3.0255369e-01
   1.7016087e-01   6.0830477e-01
   7.6956888e-01   8.9407159e-02
   6.6426262e-01   4.8305025e-01
   4.0313361e-01   7.6504310e-03
   9.1494407e-01   2.3052340e-01
   7.8089359e-01   8.0068508e-01
   9.5523935e-01   6.1244411e-01
   1.6101860e-01   5.4227325e-01
   6.8858451e-01   8.3784848e-01
   3.0109920e-01   1.8059144e-02
   9.0607361e-01   6.9179367e-01
   8.6316207e-01   7.4920225e-01
   1.6452942e-01   5.2346915e-01
   7.7538788e-01   8.0257165e-01
   9.8876691e-01   4.9737305e-01
   9.7895985e-01   3.5168744e-01
   4.8311968e-01   8.5198763e-01
   3.9915758e-01   8.2848656e-01
   2.3279566e-01   4.2069631e-02
   6.7203428e-01   4.4442976e-01
   5.3175705e-01   1.1604608e-02
   4.4654782e-01   2.5907323e-03
   7.8715411e-01   9.6370464e-02
   5.0699791e-01   2.8899886e-01
   1.7452663e-01   6.0939709e-01
   3.0296065e-01   7.8804791e-01
   9.8404822e-01   3.5293862e-01
   3.5690427e-01   2.9886002e-01
   9.3192083e-01   2.4472286e-01
   4.7389798e-01   2.8056839e-01
   9.8886804e-01   4.1916550e-01
   7.8695078e-01   7.8987267e-01
   8.2651258e-01   1.3228593e-01
   9.4395861e-01   2.6690299e-01
   4.8025746e-01   3.2137991e-03
   5.2113300e-01   1.0882149e-02
   3.0609681e-01   7.8692068e-01
   9.6593262e-01   3.0308073e-01
   1.9508959e-01   4.2712341e-01
   6.7196160e-01   4.7925208e-01
   8.9707239e-01   1.9737290e-01
   8.0587740e-01   7.8447438e-01
   7.4799895e-01   8.1253444e-01
   4.7988338e-01   7.2806851e-04
   9.8518481e-01   5.3516777e-01
   9.9207326e-01   5.1631025e-01
   6.1493249e-01   2.5449599e-02
   7.5682907e-01   8.4326175e-02
   9.5229225e-01   6.2470642e-01
   2.2523081e-01   3.8748667e-01
   1.6506311e-01   5.4949231e-01
   5.3611207e-01   8.6088255e-03
   6.7158001e-01   4.8431937e-01
   7.8269554e-01   8.0141194e-01
   2.5577302e-01   3.5341295e-01
   2.5192806e-01   3.3029795e-02
   9.4172184e-01   2.6553751e-01
   8.1124592e-01   7.8307342e-01
   7.3180988e-01   8.1875898e-01
   6.3788104e-01   3.6332627e-01
   9.7502672e-01   3.4613901e-01
   6.6968977e-01   4.2913625e-01
   5.9765608e-01   3.3461325e-01
   8.5510939e-01   7.4371793e-01
   5.1191070e-01   2.9314993e-01
   7.2623983e-01   6.7208285e-02
   7.3124490e-01   7.2977049e-02
   9.3490172e-01   2.4957809e-01
   3.1440390e-01   3.1865806e-01
   9.9462355e-01   4.0210574e-01
   8.4940931e-01   7.4929362e-01
   2.7526497e-01   2.4666683e-02
   1.0000000e+00   4.3388027e-01
   7.7782857e-01   9.6621347e-02
   6.7078760e-01   8.4321489e-01
   6.0618533e-01   8.5279074e-01
   7.0742602e-01   5.9825665e-02
   5.6235267e-01   3.0442167e-01
   3.7174876e-01   2.9746741e-01
   2.4956966e-01   3.6121687e-01
   4.7171998e-01   8.4660018e-01
   6.8912368e-01   5.5413571e-02
   7.6202666e-01   9.0967705e-02
   6.3662068e-01   3.6499134e-01
   4.9691694e-01   8.5096048e-01
   8.6945518e-01   7.3513554e-01
   5.5764724e-01   8.5701669e-01
   9.9023571e-01   4.0699544e-01
   9.9592890e-01   4.8669173e-01
   2.1158382e-01   6.9011880e-01
   6.0155470e-01   8.5448585e-01
   6.4100576e-01   5.3933714e-01
   2.3690832e-01   3.9759548e-02
   2.6033701e-01   3.5082641e-01
   4.7069453e-01   2.8406074e-01
   4.1475181e-01   8.3552519e-01
   1.9254898e-01   4.2627168e-01
   7.7866530e-01   8.0138163e-01
   3.1397074e-01   7.9348650e-01
   3.3131615e-01   1.4148272e-02
   4.3254437e-01   2.9550809e-03
   6.4958879e-01   3.8655278e-01
   9.0857174e-01   2.1230353e-01
   1.8555861e-01   6.3461113e-01
   5.7601354e-01   8.5687645e-01
   9.1421557e-01   6.8470188e-01
   3.6463703e-01   1.1176058e-02
   5.5947166e-01   8.5493976e-01
   2.4559295e-01   3.4735797e-02
   2.2478209e-01   7.1185792e-01
   9.6490470e-01   2.9920290e-01
   9.8583333e-01   3.8375628e-01
   8.9334969e-01   7.0590348e-01
   9.6680334e-01   3.0238403e-01
   9.8888511e-01   3.8371561e-01
   2.3808930e-01   3.7320974e-01
   3.8854436e-01   2.9008756e-01
   1.9688664e-01   5.0182499e-02
   2.4734533e-01   3.5561507e-01
   6.7275282e-01   4.6642164e-01
   9.3371661e-01   6.5978372e-01
   5.4546532e-01   1.5749472e-02
   9.8874610e-01   3.7987811e-01
   2.0523131e-01   4.0292312e-01
   4.0170680e-01   8.3508138e-01
   6.9916273e-01   8.3012543e-01
   2.5003817e-01   3.0098964e-02
   2.8922438e-01   3.2284451e-01
   6.1992813e-01   2.5315352e-02
   9.9135878e-01   4.4103420e-01
   4.2131207e-01   8.3725366e-01
   2.0814905e-01   4.0072898e-01
   5.9588810e-01   8.5400135e-01
   7.6085222e-01   8.0545218e-01
   4.1788488e-01   2.8221958e-01
   9.6650094e-01   5.8976104e-01
   1.6973819e-01   5.0868076e-01
   4.4894891e-01   8.4969534e-01
   9.5981907e-01   6.0576275e-01
   1.6379001e-01   5.8591397e-01
   2.0542426e-01   6.8871552e-01
   9.8720444e-01   5.1666382e-01
   1.7384019e-01   6.1882613e-01
   7.0942341e-01   5.9451144e-02
   2.4313990e-01   3.4874982e-02
   9.1721904e-01   2.2346318e-01
   3.2751697e-01   8.0305967e-01
   9.6898814e-01   5.9848599e-01
   4.6950503e-01   2.8399593e-01
   4.7271641e-01   7.7201559e-03
   5.4928999e-01   1.1784059e-02
   7.2604485e-01   6.9479343e-02
   1.6886744e-01   6.1021567e-01
   9.7956867e-01   5.7960532e-01
   6.6116105e-01   5.1469084e-01
   5.8518310e-01   8.5163432e-01
   2.5017243e-01   7.3877356e-01
   2.7472022e-01   3.3978822e-01
   2.3510871e-01   3.7515509e-01
   5.8200216e-01   8.5491878e-01
   5.1661844e-01   2.9422780e-01
   9.7629032e-01   5.6821931e-01
   7.2560013e-01   8.2307539e-01
   9.6150953e-01   3.0649873e-01
   9.6364945e-01   2.9895787e-01
   9.9481532e-01   4.5863696e-01
   6.7624499e-01   4.6613304e-01
   6.0901089e-01   3.3939170e-01
   2.6901016e-01   7.5726071e-01
   8.7547844e-01   7.2748386e-01
   9.9257026e-01   4.1542212e-01
   5.2364464e-01   8.5515536e-01
   7.2586116e-01   6.6093837e-02
   9.4212517e-01   2.5164507e-01
   2.8376469e-01   2.4301959e-02
   8.8203040e-01   7.2629278e-01
   2.7888583e-01   7.6594084e-01
   4.7606832e-01   2.8828344e-01
   9.9101575e-01   5.3484414e-01
   8.2633968e-01   1.2752577e-01
   5.7699638e-01   8.5437106e-01
   5.3096949e-01   2.9600400e-01
   1.7761417e-01   6.2618969e-01
   3.0075295e-01   3.2380647e-01
   1.9345053e-01   6.6303790e-01
   6.3278107e-01   8.5049589e-01
   8.7374677e-01   7.3704409e-01
   6.8546791e-01   8.3897991e-01
   5.6464725e-01   1.6764515e-02
   8.4700885e-01   7.4721688e-01
   3.5428813e-01   8.9566750e-03
   9.9360846e-01   4.6229940e-01
   3.1551090e-01   1.6343307e-02
   1.6685884e-01   5.4462280e-01
   9.8803439e-01   3.5731915e-01
   2.1151503e-01   6.8772803e-01
   9.8560827e-01   3.6664145e-01
   9.6409711e-01   3.1446498e-01
   6.1529187e-01   3.3660963e-01
   1.7219335e-01   5.9169015e-01
   1.7200365e-01   4.9908765e-01
   9.9088714e-01   3.7887074e-01
   6.5163720e-01   3.8839938e-02
   3.3365909e-01   7.9709877e-01
   8.2102225e-01   1.2728325e-01
   9.8076260e-01   3.6270297e-01
   5.8569215e-01   5.6956356e-01
   9.8509463e-01   5.5186752e-01
   4.5632983e-01   8.4371277e-01
   4.3920472e-01   0.0000000e+00
   5.3370067e-01   5.8035851e-01
   7.0564143e-01   8.3473527e-01
   5.8180220e-01   8.5566130e-01
   6.9900450e-01   8.3340977e-01
   8.4083025e-01   1.4783011e-01
   2.7931202e-01   7.5771200e-01
   8.1208855e-01   1.2209141e-01
   7.2983468e-01   8.1877529e-01
   6.6634556e-01   4.5286600e-01
   2.4377459e-01   3.6422525e-01
   9.3590760e-01   2.4731238e-01
   7.3016665e-01   8.1537098e-01
   3.0474120e-01   3.2249422e-01
   3.2072410e-01   7.9831334e-01
   9.8583440e-01   5.4591648e-01
   2.0641210e-01   4.1166450e-01
   9.0561149e-01   2.0918426e-01
   1.6208971e-01   5.5297078e-01
   4.3581785e-01   7.6735519e-04
   1.7559943e-01   6.3106742e-01
   8.5885341e-01   1.5417525e-01
   2.1478037e-01   4.0154106e-01
   2.0900234e-01   6.7695586e-01
   5.2844533e-01   2.9812472e-01
   9.5996878e-01   6.2220143e-01
   9.8084862e-01   3.3811202e-01
   9.1067767e-01   6.9581312e-01
   5.8546786e-01   8.5511613e-01
   9.9312141e-01   4.4293961e-01
   9.9793022e-01   4.3896111e-01
   9.7831860e-01   3.5365847e-01
   9.9111594e-01   4.6619557e-01
   3.5743706e-01   1.3614479e-02
   1.8410392e-01   4.5523816e-01
   9.5274329e-01   2.7686312e-01
   1.6687082e-01   5.3695822e-01
   4.2136331e-01   2.8376958e-01
   9.8414615e-01   5.4005587e-01
   6.6710353e-01   8.4304718e-01
   6.8831465e-01   8.3855791e-01
   9.9446237e-01   3.9607728e-01
   8.4722370e-01   1.4084763e-01
   3.5170160e-01   8.0859181e-01
   9.9119463e-01   3.9494863e-01
   5.5644093e-01   8.5467804e-01
   6.6747916e-01   4.3597758e-02
   6.8737357e-01   4.9232632e-02
   1.6580341e-01   5.9398679e-01
   9.9275374e-01   5.2489727e-01
   6.5457685e-01   7.0168032e-01
   8.2888707e-01   3.9606463e-01
   4.4681386e-01   6.9800060e-01
   3.9580086e-01   1.4506063e-01
   8.2381494e-01   4.0458368e-01
   7.7451904e-01   2.9317388e-01
   4.1212262e-01   1.4627444e-01
   5.7918079e-01   7.1874802e-01
   1.9887856e-01   2.1296050e-01
   4.4524895e-02   7.2039362e-01
   8.2855831e-01   4.4693871e-01
   1.9029703e-01   8.8513764e-01
   4.0103036e-01   6.6994942e-01
   5.1505352e-01   1.4499124e-01
   4.4228910e-01   4.1558552e-01
   8.2453074e-01   5.0887065e-01
   4.5853361e-01   4.1466762e-01
   7.8244406e-01   5.9895365e-01
   6.5859191e-01   6.9418720e-01
   8.1624428e-01   3.7230419e-01
   7.5192073e-01   6.3886017e-01
   6.5099131e-01   6.9862377e-01
   2.0428578e-02   4.3430186e-01
   5.1442315e-01   9.9781535e-01
   6.2497851e-01   9.9031726e-01
   8.3101157e-01   5.0627254e-01
   2.3211837e-01   1.9201868e-01
   5.7313494e-01   1.6456049e-01
   1.3692724e-01   2.5941750e-01
   8.1816917e-01   3.8273508e-01
   3.9075721e-01   6.6185544e-01
   3.8019884e-01   1.4909585e-01
   7.5566237e-01   6.3720042e-01
   3.3301580e-01   5.0934878e-01
   6.7436287e-01   9.8138416e-01
   3.9402873e-01   1.4528052e-01
   6.8868585e-01   9.8067511e-01
   1.3482236e-01   8.4156365e-01
   4.0397418e-01   4.3187825e-01
   2.0700441e-02   6.5026927e-01
   4.0796803e-02   7.1513729e-01
   1.0132920e-03   5.6073774e-01
   8.1475478e-02   3.2087727e-01
   8.2535369e-01   5.2181535e-01
   1.6312603e-01   8.5940981e-01
   8.2699595e-01   4.8922792e-01
   5.9142374e-01   1.6599876e-01
   4.8077473e-01   9.8955822e-01
   3.7367296e-01   9.6879806e-01
   4.8706033e-01   1.4240435e-01
   7.3250776e-01   2.5141707e-01
   1.2539851e-02   4.5887679e-01
   5.4045545e-01   9.9897062e-01
   5.2982993e-01   9.9754870e-01
   2.8354954e-02   4.2027403e-01
   7.0143415e-01   2.2357767e-01
   3.6518279e-01   9.6656111e-01
   3.5740191e-01   1.5175243e-01
   5.2033490e-01   9.9944481e-01
   3.2864588e-01   5.3768767e-01
   1.1782697e-01   2.8143449e-01
   5.9484235e-02   7.4088523e-01
   7.6385738e-01   6.2019006e-01
   6.8671831e-01   2.1377179e-01
   7.8742857e-01   6.0103537e-01
   7.2514876e-01   2.4017909e-01
   4.8635367e-01   1.4794181e-01
   8.1872771e-02   3.1366334e-01
   3.3993747e-01   5.9991869e-01
   7.7882877e-02   3.2153126e-01
   8.1552766e-01   3.5094708e-01
   8.2799240e-01   4.4850593e-01
   8.3216197e-01   4.3986676e-01
   6.9785206e-01   6.7856753e-01
   6.7213766e-01   9.8829162e-01
   6.1868473e-01   9.8925993e-01
   2.7513548e-01   9.2877812e-01
   7.3642729e-02   7.7181709e-01
   7.5990959e-01   6.3061075e-01
   6.1621719e-01   1.7321852e-01
   7.8596666e-01   6.0348095e-01
   4.6239441e-01   4.1590341e-01
   7.3666327e-01   2.5469551e-01
   3.9222847e-02   6.9648924e-01
   7.2546891e-04   5.0405869e-01
   9.2238452e-02   3.0134487e-01
   3.6862105e-01   1.5162496e-01
   7.9157942e-01   3.2115400e-01
   1.8961278e-01   2.2175283e-01
   1.4011480e-01   8.3847729e-01
   1.3320068e-01   8.3752929e-01
   3.9516689e-02   3.8000013e-01
   1.0988576e-01   8.0851935e-01
   7.7178175e-04   5.6096206e-01
   5.9497247e-01   7.1681602e-01
   1.8451019e-01   2.2126681e-01
   6.5954226e-01   1.9964211e-01
   4.7337076e-01   7.0049551e-01
   6.7654454e-01   6.9094655e-01
   8.0226402e-01   5.7851814e-01
   1.6958572e-02   6.2633886e-01
   3.9350215e-01   1.4798818e-01
   3.4607091e-02   6.9110127e-01
   8.2931906e-01   4.0259285e-01
   3.8722199e-01   4.3922658e-01
   1.1703835e-01   2.7848869e-01
   8.0895935e-01   3.4342025e-01
   6.4299848e-01   9.9185046e-01
   5.2481540e-01   9.9134965e-01
   5.2406170e-01   1.4808121e-01
   3.3315567e-01   5.0112573e-01
   1.3025252e-02   6.2811160e-01
   3.2571718e-01   9.5893000e-01
   7.2576737e-01   9.7657288e-01
   3.5673153e-01   6.2811976e-01
   3.2916087e-01   1.5616039e-01
   2.9699489e-02   3.9155058e-01
   2.3908093e-02   6.7094645e-01
   6.1644630e-02   7.4747971e-01
   7.6118835e-03   5.7447675e-01
   7.4749044e-02   7.6166964e-01
   5.8044020e-01   1.6651344e-01
   3.5829780e-02   3.8726705e-01
   5.6027153e-01   7.1959314e-01
   3.6168070e-01   6.3342383e-01
   7.4474530e-01   9.6795074e-01
   7.9231871e-01   3.2300463e-01
   2.3909464e-02   4.2273070e-01
   6.9356165e-01   9.8262515e-01
   7.7419359e-01   6.1140022e-01
   7.9653805e-01   5.8524628e-01
   6.7188130e-01   2.0645851e-01
   6.0327170e-01   9.9772868e-01
   5.2134661e-01   1.4965611e-01
   8.1054381e-01   3.5886788e-01
   6.8787679e-01   6.7996176e-01
   5.0619215e-01   1.4552210e-01
   5.7145681e-01   1.6506269e-01
   6.1707522e-01   7.1016451e-01
   3.7926312e-01   1.4698273e-01
   4.7116470e-01   7.0470843e-01
   7.5441806e-03   4.7639524e-01
   3.8314211e-01   4.3726045e-01
   4.6970534e-02   3.6657390e-01
   2.0072912e-01   8.9005211e-01
   8.2809460e-01   4.6540658e-01
   3.4547366e-01   1.5486727e-01
   5.4834881e-02   3.5941614e-01
   3.6159381e-01   6.3845234e-01
   2.0001492e-01   2.1087882e-01
   0.0000000e+00   5.5278072e-01
   8.2781297e-01   5.0662148e-01
   3.1835922e-01   9.5605634e-01
   7.2018065e-01   9.7414614e-01
   3.4858416e-01   9.6324739e-01
   1.7660387e-01   2.2481099e-01
   8.0503456e-01   3.3945221e-01
   1.0094728e-01   8.0968098e-01
   8.3246769e-01   4.6066679e-01
   6.7821267e-01   9.8419283e-01
   1.5021784e-03   4.9606197e-01
   1.6981845e-02   4.4126332e-01
   7.4864626e-01   6.4190244e-01
   4.6329108e-01   7.0668070e-01
   8.3110393e-01   4.1109244e-01
   3.8479635e-01   9.7520876e-01
   5.4385479e-01   9.9979532e-01
   3.0936130e-02   6.9620990e-01
   6.6549513e-02   7.5922929e-01
   8.3038551e-01   4.8809032e-01
   4.7089294e-02   3.8017619e-01
   2.5290362e-01   9.2182585e-01
   4.8222401e-01   1.4754907e-01
   7.6711698e-01   9.5915114e-01
   4.5681500e-01   7.0104173e-01
   7.2925697e-01   2.3934825e-01
   1.6239820e-01   2.3616780e-01
   3.6106990e-01   6.3479574e-01
   6.9502852e-02   7.6221923e-01
   6.7095037e-02   3.2943374e-01
   1.2433678e-01   2.7586531e-01
   3.0020112e-01   9.4724382e-01
   3.8787347e-01   9.7749625e-01
   1.9102226e-01   8.8814476e-01
   7.3744719e-01   2.4797566e-01
   3.2874965e-01   1.6233145e-01
   1.1683806e-01   8.2474503e-01
   5.4002268e-01   7.1625543e-01
   5.4035482e-01   7.1984212e-01
   8.1190920e-01   3.6901830e-01
   1.3584135e-01   2.6274747e-01
   7.1880614e-01   9.7768190e-01
   4.6438590e-02   7.2942091e-01
   7.4402461e-01   2.6523058e-01
   7.9124328e-01   3.1067212e-01
   3.5438170e-01   9.6638116e-01
   5.4256319e-01   9.9558810e-01
   3.2183259e-03   5.4657545e-01
   8.2942639e-01   4.0394803e-01
   4.6024673e-01   6.9729506e-01
   3.1988720e-01   9.5556688e-01
   3.5375848e-02   3.9979683e-01
   6.5206989e-01   9.8439173e-01
   3.6736145e-01   6.4171288e-01
   2.9120468e-02   4.0271455e-01
   7.9727597e-01   3.2216615e-01
   2.9754302e-01   9.4356309e-01
   7.9358076e-01   5.9291216e-01
   3.5713609e-01   1.5714052e-01
   5.1220517e-01   1.5065295e-01
   2.8761791e-01   9.4053416e-01
   1.6273393e-02   6.3905390e-01
   8.1688533e-01   5.4943810e-01
   7.3537403e-01   2.5069472e-01
   6.2760212e-01   7.0869571e-01
   1.6061467e-02   6.3126648e-01
   4.9140432e-02   3.6263619e-01
   7.4672790e-01   6.4703907e-01
   6.7246784e-01   6.9159724e-01
   2.5292157e-01   1.8006802e-01
   5.3383410e-01   9.9876423e-01
   8.2253400e-02   3.2444855e-01
   3.2956321e-01   5.3281770e-01
   3.4615018e-01   6.1350532e-01
   2.3192452e-01   9.1383718e-01
   3.3365198e-01   1.6176681e-01
   5.5403341e-01   1.5582726e-01
   1.9514844e-01   8.8921479e-01
   6.0526836e-01   1.7307104e-01
   1.1356451e-01   2.7435226e-01
   5.3680568e-02   7.2620551e-01
   4.2404295e-01   9.8636726e-01
   7.0851766e-01   2.2771001e-01
   3.5349555e-03   5.6973711e-01
   7.2795526e-01   9.7505274e-01
   4.1290744e-01   6.7452117e-01
   3.2691073e-02   4.0486306e-01
   4.4940322e-01   1.4659122e-01
   7.5265869e-01   2.6569867e-01
   8.2150534e-01   3.8304253e-01
   1.2702298e-01   8.3381841e-01
   7.8957330e-01   9.5668377e-01
   7.8463716e-01   6.0889322e-01
   1.8194459e-01   8.7165076e-01
   7.9969776e-01   5.7999914e-01
   7.7730047e-01   9.5497396e-01
   2.3048224e-01   9.1318237e-01
   4.1254069e-01   1.4481549e-01
   7.1287692e-02   7.6737978e-01
   1.9174054e-01   2.1592942e-01
   2.4191188e-01   9.1955399e-01
   6.3225008e-01   1.8605723e-01
   3.9724933e-01   6.7643156e-01
   2.8946869e-02   4.1823483e-01
   5.3961883e-01   9.9759889e-01
   7.9816789e-01   5.8966108e-01
   3.9004727e-01   1.5147986e-01
   1.1219907e-01   8.1006937e-01
   3.3179462e-01   5.6029307e-01
   6.4684591e-01   9.8467181e-01
   1.3711639e-01   8.4617664e-01
   7.1907822e-02   3.3627297e-01
   7.6999391e-01   6.1212873e-01
   1.9421156e-01   2.1195127e-01
   1.5212815e-01   2.4936466e-01
   7.8362612e-01   9.5225584e-01
   3.6987964e-01   9.6740864e-01
   6.9009114e-01   9.7689347e-01
   2.0774673e-02   6.4383558e-01
   4.8001788e-01   1.4519902e-01
   6.1062309e-01   9.8970058e-01
   2.5044571e-01   1.8724413e-01
   8.3139510e-01   4.8162969e-01
   5.0845791e-01   1.4708359e-01
   4.2808511e-02   7.1015568e-01
   6.9412088e-02   3.3621533e-01
   1.2012426e-01   8.3266596e-01
   7.8875860e-01   9.5150794e-01
   6.8923984e-01   9.7648946e-01
   1.1332110e-01   2.8016149e-01
   6.9668513e-01   9.7587698e-01
   5.6451947e-01   7.1824330e-01
   3.4079912e-01   6.0852181e-01
   7.6392706e-01   2.7958635e-01
   4.1803521e-02   3.8981571e-01
   1.1357802e-01   2.7550582e-01
   5.0535292e-01   9.9577060e-01
   9.4045763e-02   2.9844029e-01
   3.9327236e-01   1.4920432e-01
   9.6074772e-02   3.0301416e-01
   4.7176517e-02   7.3103404e-01
   3.5825925e-01   4.6066900e-01
   2.2636618e-01   9.0400334e-01
   6.5524150e-01   6.9750503e-01
   2.4462784e-01   1.8473929e-01
   8.2315876e-01   4.0558608e-01
   5.9648762e-01   1.6925521e-01
   2.1199168e-03   6.0305534e-01
   7.3880890e-01   6.4892006e-01
   8.0300677e-01   3.4249735e-01
   7.9681565e-01   5.7525210e-01
   7.9966473e-01   5.8393633e-01
   7.1448547e-01   2.3420925e-01
   4.4953429e-01   9.8676677e-01
   2.7201092e-01   1.7414089e-01
   4.8248949e-01   1.4356269e-01
   7.6304098e-01   6.2638518e-01
   7.1480267e-01   9.7927173e-01
   4.6695659e-01   1.4941226e-01
   3.3844034e-01   9.5950293e-01
   2.7448780e-03   4.8129353e-01
   5.7496766e-01   1.6159696e-01
   4.4257942e-01   9.8533166e-01
   1.8229359e-01   8.8202318e-01
   2.8827353e-01   1.7088565e-01
   2.6023441e-01   9.2802158e-01
   4.9945475e-01   9.9623992e-01
   4.0286801e-01   1.4503940e-01
   6.9388552e-01   2.1282340e-01
   1.9625942e-02   4.3287680e-01
   5.0996259e-01   9.9376375e-01
   4.1048863e-02   7.0864917e-01
   5.7162667e-01   1.5725017e-01
   8.7600202e-02   7.7987567e-01
   6.6861168e-01   9.8906810e-01
   9.9362230e-02   3.0334159e-01
   9.7366073e-02   2.9857721e-01
   7.4935579e-01   2.6602564e-01
   3.9998668e-01   6.6368306e-01
   7.6847698e-01   6.1838555e-01
   4.7018406e-01   7.1011128e-01
   2.9748884e-01   1.6954135e-01
   3.8543506e-01   4.3833175e-01
   5.4986635e-01   9.9200255e-01
   2.8107439e-03   5.5652469e-01
   4.5835511e-01   4.2257836e-01
   3.2922044e-01   5.2479377e-01
   8.1792374e-01   5.4593773e-01
   3.1892612e-01   1.6017242e-01
   6.0679667e-01   7.1315015e-01
   3.9737177e-01   4.2827394e-01
   6.9628532e-02   7.6452294e-01
   6.3942266e-01   1.8944087e-01
   1.7199357e-01   8.7470805e-01
   3.7655004e-01   1.4945910e-01
   3.8025365e-01   1.4961524e-01
   3.4386111e-01   5.9915120e-01
   3.4014609e-01   6.0644285e-01
   4.6327670e-01   7.0780564e-01
   2.4296261e-02   4.2332859e-01
   8.3674312e-01   4.5480869e-01
   3.3340632e-01   9.5860726e-01
   3.8370974e-01   9.7251946e-01
   6.9443313e-01   9.7727154e-01
   2.1603717e-01   1.9788696e-01
   8.2366613e-01   5.1508905e-01
   8.2820215e-01   4.9668576e-01
   1.0560814e-01   2.8726766e-01
   1.3418383e-01   8.4313630e-01
   6.5920424e-01   1.9505219e-01
   2.9552169e-01   1.6770431e-01
   7.5209590e-04   5.4042871e-01
   5.5683459e-01   9.9660520e-01
   7.1763447e-01   6.6056949e-01
   5.1446595e-02   7.3498143e-01
   4.1160085e-02   3.8355694e-01
   3.8485538e-01   1.4922391e-01
   4.5517881e-01   9.8698135e-01
   5.1247721e-01   1.4900727e-01
   7.6201396e-01   6.2651163e-01
   2.7418517e-03   5.2747201e-01
   8.1831266e-03   4.9869035e-01
   7.0485481e-01   2.2522499e-01
   2.3451052e-01   9.0648014e-01
   7.9558363e-01   9.4788209e-01
   7.5128049e-01   9.6659016e-01
   6.0751212e-01   7.0827126e-01
   8.3590131e-01   4.7820945e-01
   3.3256356e-01   4.8998541e-01
   1.2308985e-02   4.5469171e-01
   5.4114808e-01   7.2022570e-01
   4.6753177e-01   1.4946292e-01
   4.5908523e-01   9.8521667e-01
   8.6106774e-02   3.1167213e-01
   5.9073463e-01   1.7123444e-01
   8.1485946e-01   5.4459987e-01
   3.6787312e-01   1.5488019e-01
   6.7567973e-01   9.8711695e-01
   5.9509867e-01   7.1433927e-01
   2.7049453e-01   1.7272431e-01
   3.7293592e-01   9.7185342e-01
   3.2910675e-01   5.8235862e-01
   3.0453998e-02   6.8174777e-01
   7.4048747e-01   9.6730543e-01
   7.9515283e-01   3.3168785e-01
   6.2923127e-01   7.0339330e-01
   2.0090864e-02   6.6464885e-01
   5.3756632e-01   1.0000000e+00
   1.0416873e-02   4.7030390e-01
   5.0951142e-01   9.9243303e-01
   7.9645387e-01   5.9000716e-01
   1.1744711e-01   8.2355587e-01
   6.5690535e-01   2.0128359e-01
   4.3795650e-01   1.4100157e-01
   7.0385142e-01   6.7258378e-01
   2.6678983e-01   9.3611573e-01
   8.1628149e-03   5.0076541e-01
   9.1525503e-02   7.9160088e-01
   2.3616838e-01   9.1684084e-01
   3.8390396e-01   6.5990085e-01
   6.6248551e-01   9.8388102e-01
   2.0072915e-01   2.1325731e-01
   1.2089301e-01   8.2495247e-01
   9.3789000e-02   7.9946416e-01
   3.0719105e-01   9.4884305e-01
   7.0301033e-01   6.7023058e-01
   3.1529006e-01   1.6727740e-01
   5.1572454e-03   4.8758259e-01
   6.0739269e-01   9.9076843e-01
   3.1230597e-01   9.5304577e-01
   4.8862584e-01   9.9719155e-01
   3.8494952e-02   3.9640475e-01
   2.9468654e-02   3.9610425e-01
   3.7405518e-01   9.7104255e-01
   3.2880955e-01   5.4148096e-01
   4.6167480e-01   9.9060405e-01
   4.6881157e-01   1.4288955e-01
   3.3157351e-01   5.4845157e-01
   1.0389326e-01   8.1133275e-01
   6.9905728e-01   6.7987395e-01
   6.6089108e-01   6.9632593e-01
   1.1408030e-02   4.5805948e-01
   8.2637783e-01   4.0801146e-01
   7.2315016e-01   2.3566291e-01
   4.8674993e-01   1.4761143e-01
   4.7250756e-01   1.4909043e-01
   5.3879466e-01   1.5517162e-01
   1.2966793e-02   4.6335219e-01
   7.3065620e-01   6.5501971e-01
   7.8726964e-01   6.0532052e-01
   4.7472238e-01   7.0825565e-01
   7.2095741e-01   2.3369085e-01
   1.4702943e-01   8.5834137e-01
   8.3459304e-01   4.6710860e-01
   9.6619503e-02   7.9549379e-01
   2.5469150e-02   6.7971316e-01
   2.8737768e-01   9.3864461e-01
   2.9668998e-01   9.4722080e-01
   7.8720965e-01   3.0226179e-01
   7.5334447e-01   2.7007555e-01
   1.3964579e-01   2.6089905e-01
   7.1536905e-01   2.3217226e-01
   3.0521585e-01   9.4660999e-01
   2.4888230e-01   9.1936055e-01
   6.7288855e-02   3.3435756e-01
   8.2709035e-01   3.8236708e-01
   1.7296214e-02   6.5357136e-01
   8.2926529e-01   4.7358263e-01
   3.1370786e-01   1.6508275e-01
   5.4705882e-01   1.5905132e-01
   1.0183381e-01   2.8981708e-01
   7.7465147e-01   9.5455844e-01
   1.2600515e-01   8.2983735e-01
   7.4717290e-01   9.6989381e-01
   8.3072839e-01   4.6878872e-01
   1.2047836e-01   2.6629632e-01
   3.4049190e-01   6.0944611e-01
   1.2578177e-01   8.2698292e-01
   1.5379157e-02   4.4410086e-01
   3.8113882e-01   9.7184702e-01
   7.6390376e-01   9.5838858e-01
   5.9943895e-01   9.9642041e-01
   4.6614613e-01   1.4504210e-01
   4.7818442e-01   4.2522989e-01
   1.0220328e-01   2.9310236e-01
   8.1078140e-01   5.5026894e-01
   8.2617499e-01   5.1110354e-01
   7.1541638e-01   2.3498750e-01
   4.8064118e-01   7.1022438e-01
   1.0233819e-01   8.1457234e-01
   1.1219663e-01   8.0894517e-01
   9.6627701e-02   3.0469310e-01
   6.8235967e-01   2.1003189e-01
   3.0341183e-01   9.5044883e-01
   7.8128461e-02   3.2011203e-01
   6.7634668e-01   9.7974976e-01
   4.8707899e-01   9.9573306e-01
   6.3173337e-01   1.7929231e-01
   8.5526339e-02   3.0670370e-01
   6.6404322e-01   1.9737249e-01
   7.3935457e-03   5.0330943e-01
   2.1853130e-01   9.0140058e-01
   9.9926473e-02   8.1147045e-01
   5.9542360e-01   7.0984665e-01
   2.8343542e-01   9.3671842e-01
   3.3575962e-01   5.0282514e-01
   4.5115461e-01   1.4067705e-01
   7.9349721e-02   7.7768514e-01
   1.7740291e-01   8.7520369e-01
   6.0016180e-01   1.7256151e-01
